V1 V2
1 46.3333561792723 -40.736592139855
2 -34.1345898911252 26.8548193247581
3 -16.2340807012396 -21.4064149666829
4 42.8066755729269 25.5484655270272
5 40.2510706350143 24.9430582275962
6 -15.2030678829324 -4.48102912852018
7 9.84212970992657 -34.5158224224984
8 -7.43436279634834 -33.8819273120254
9 -13.6220064311032 -4.9540600866447
10 48.1386535435065 -40.7549737839949
11 -25.3450132145181 -23.2566411543355
12 -24.51179050042 -10.0750219079961
13 42.929649819656 32.1308170645505
14 16.1885041624526 -39.4265509381856
15 -15.9022626949643 -18.278176816099
16 31.9375418633436 -43.4951563022471
17 -2.77559924201547 23.8227395487595
18 11.6225564038634 30.3156017319544
19 -22.4376475985501 9.9127575943802
20 -13.8271658707387 15.2128960581986
21 -39.1007684717788 -22.7881683184962
22 -21.405584123109 -11.1581932423722
23 -8.04313461129551 0.644898938025109
24 -11.1309625996788 -12.9928296452209
25 -29.7017170797308 11.8715175645771
26 2.61499859617212 -21.7199021855116
27 -6.38026891862873 -23.494891384593
28 -2.47385323157673 -43.257600019647
29 21.9884984681775 -39.5790834574608
30 47.9246536447983 26.4422416288995
31 -2.10690068848644 0.858180545526313
32 -23.2676941458601 -6.57969651998803
33 -33.5947281839651 -24.8170909298007
34 -1.23557975586702 -43.2607100610649
35 16.2573752178317 -33.415598572472
36 -0.40701831993203 -11.6041096722323
37 -16.5159225694381 -14.6508251678478
38 46.0034656296835 -40.1580671694713
39 37.585859637357 15.1572443187471
40 -28.924624935714 28.4038973701519
41 -21.250446491999 4.10695656537682
42 -8.37848898354373 -41.842814277342
43 -28.5004437554038 -34.2725309018463
44 43.2986250391848 30.0290492196874
45 -10.2894580874578 9.42375458631744
46 8.63922385965666 -34.8489099544038
47 -29.3205647814747 -34.0719356996103
48 1.01229621255388 -17.6633849696651
49 48.206362484656 25.1826838268351
50 9.1631201813059 24.3099948726688
51 33.528773504047 -39.9661328643659
52 -20.3870252391688 -20.0808078397645
53 -8.18723540092624 -29.3881226087368
54 -39.4808822835249 -25.0206990229684
55 -8.76356496548704 -36.1361852338394
56 -2.88563588430859 8.82547687301605
57 0.231434359421823 -12.9091737911739
58 44.9512202905469 24.7975956356249
59 -0.878163805679414 -4.59209895493579
60 45.9159805477124 27.2538692533252
61 -16.0165864287191 30.4396767792877
62 -13.3447765944969 -6.22563322398229
63 -5.24736427575977 -27.2906389766025
64 -1.71677461714437 -23.7766711871393
65 -3.18415570310479 -22.3876432855652
66 5.88821604484304 -22.4885711159748
67 -31.2627910020879 -21.3641132681858
68 42.7374120485093 24.346306230868
69 -6.68864098492708 -36.9238666884601
70 8.18604816088491 15.0070362838715
71 -18.6462236313669 -15.1158659676248
72 36.734068709385 -38.3527081752749
73 24.8146116923358 -36.0569483782223
74 -18.7790954350363 -21.5444715464334
75 46.9155946831948 23.0005668253953
76 0.609496257579834 -13.6512807909234
77 26.593560758973 -33.7839571948272
78 3.89601413048599 -41.8023635005219
79 -15.2340234385396 -22.483265731271
80 -9.31945189062344 -36.3983356790037
81 -11.671624167129 6.08665253404177
82 48.8610129709 27.6958175164099
83 -26.1596055901483 29.4872728742205
84 -6.40618326030742 15.8862453990578
85 43.1340626162586 20.7898691561727
86 -1.1139252552328 -18.6978886594644
87 7.97231124665121 29.2430925420286
88 36.6538851007926 -41.3695330887009
89 23.0561667770414 -32.9442022727895
90 -15.6169100586049 -4.34554673650073
91 -26.9866494764796 -33.4847225143239
92 -10.8590034935563 -23.9014875700346
93 -24.3921364780438 8.74350305390141
94 -18.2707349992398 22.0408762611671
95 -16.3040016452979 21.2916801606795
96 -27.9063389077116 -20.1438700753728
97 -17.5617411681284 10.0318429441802
98 -3.83388221128591 12.7081987564946
99 -24.9732571720394 32.8703191207571
100 -9.68669784936895 4.02960977326552
101 -23.6290950163005 21.5013807460967
102 -25.6176115813879 17.9815442045967
103 -14.9071066496084 32.743430471546
104 -26.237520801667 -20.1321009562669
105 -30.6581619768853 -13.0308674259778
106 -32.8504795461127 22.9843573259606
107 -19.9034419318671 28.0753579668508
108 -11.2001038702866 7.50446592535448
109 -7.86412971273639 -1.7326597741256
110 -22.1329526265222 28.7402193843487
111 -12.5643014175755 30.9361278998322
112 42.2384699848858 16.9488839760567
113 -29.7640941947859 8.13530897531317
114 -18.3531068851059 13.9720342075002
115 -14.8155552354502 24.4212208487976
116 -30.5191843117545 12.5496084399889
117 -19.8302313493078 0.50734611903685
118 -41.0762846506263 -27.2434834299495
119 -33.3070606300545 -12.8571802658903
120 -37.219756311376 -30.9039624987045
121 -0.940777664238637 -0.619127004035584
122 -37.1231797579763 -25.8612359239509
123 -31.8764513656244 17.2058137468579
124 -27.1899074038009 27.4391976844136
125 -31.0755145927851 -14.85809101979
126 -19.8141728416317 22.2689815526376
127 -19.249929266178 29.268064539532
128 -12.0146145092224 0.448524660074253
129 -21.7278700731097 -13.0884518415855
130 -19.5683752828436 -14.3641363832731
131 -20.5641497709147 9.79489558409826
132 -30.6293646641464 10.3367521783615
133 -29.4111875664831 17.5958588615753
134 -26.144430107053 -25.5175945444128
135 -27.0457351300262 31.771065130667
136 -28.44476075838 -28.6379944773719
137 -38.5803790795865 -25.017329711779
138 -22.9191006145352 14.3065058674923
139 -34.148078128842 -11.709656609372
140 -9.4053779391852 5.62356461962471
141 -14.9567454013796 20.0699146406305
142 -35.9837392225212 -25.7186595885789
143 -35.2322326148003 24.5815179938639
144 -19.9101023677155 31.5929950280514
145 -38.3867785059383 -23.9330115507727
146 -18.6808213731447 19.1145767160936
147 -30.363661609493 30.0455653388361
148 -19.5716806307484 28.9121658104843
149 -16.0812699743401 20.7120412304386
150 -15.8128008364316 11.4603344508974
151 -36.8935092469248 -13.9787270047078
152 -21.6132348738571 25.2857035692834
153 -16.3626608106182 -8.6161573623503
154 -24.9390682358783 23.1284450613204
155 -22.1789947470187 18.7219525482152
156 -28.1825461324286 30.8436218955501
157 -30.0769283714017 9.7583313338031
158 -20.5086417020352 21.6405889263173
159 -35.5994184385408 -21.4050491503843
160 -38.7321856917808 -17.3632746586466
161 -26.370550512633 -29.5469144179923
162 -22.0475118984866 -34.750628247842
163 -34.2996383050832 -19.4864063566271
164 -18.8571171701782 16.0124434551783
165 -21.5662763789345 -37.5432085347138
166 -20.8726470561015 -34.8738097632916
167 48.4470186276724 23.710982677178
168 26.8494814577772 -35.3960903848172
169 -18.5282221409553 22.2195536129109
170 -32.0378380969503 19.687072833211
171 -7.51692263909087 -16.770176630867
172 -23.6338147032655 -38.1200857816988
173 -16.7275618171358 13.5340005849957
174 8.96013052740738 17.4043701151133
175 -21.53637725878 -33.9848599442739
176 -21.2054575647844 17.3003357623171
177 -3.20273336557741 -44.0040393294831
178 -23.2754006573986 -38.3097762978649
179 41.9687856053942 28.5399061772816
180 -23.3839330757956 30.0921666097385
181 -3.77121799692091 10.7950211628445
182 -22.0944666848581 -37.7275283411531
183 25.3805568849104 -34.8341438151031
184 -4.61619649365275 -5.93765378281947
185 -3.31037001411124 -43.0779333329462
186 33.7013604983312 -42.0813100620085
187 -3.82699944905879 12.6678219356325
188 44.49311672252 33.7567358825145
189 -6.5040856884396 -16.8545707920325
190 -35.5754908442765 -23.7141539262855
191 -19.0853308672451 -32.6481529374916
192 33.0824005395219 -39.7551346907636
193 -15.6534425476424 13.8120650794498
194 -10.8950214953983 -7.7153240443177
195 7.95143940626006 29.1906869661521
196 -6.60975454934209 -36.8885015652506
197 -3.9796605978612 -3.19340221490901
198 -23.3853761930074 9.26631111922625
199 -7.37115082531891 -4.85238158845013
200 -26.1650010343148 -34.1646826913467
201 -3.24285332768481 -3.7097800109478
202 -6.22994933670954 -41.4874494793383
203 -22.3133278120001 -11.3004116663891
204 42.7381168379996 32.7864569574471
205 17.5573185432685 -38.0729429028254
206 43.8416351484488 24.5282319586146
207 -11.4942797915288 1.04388232592167
208 -13.665208900873 -1.68529537012117
209 -31.7129596543447 -14.0236472116201
210 -16.3878130243001 -28.2101300628994
211 -14.3800745809904 -16.6076265342224
212 4.71557739288607 -41.2355806264529
213 -1.70040154407755 -2.60169051444274
214 8.97713556231916 -34.8541922482996
215 -24.7075009487992 -6.17818156526883
216 43.3104389912896 -40.5274264097419
217 -31.8865182146574 27.2832105890399
218 -0.961769586320909 -26.0951696634468
219 14.7585926284176 -32.5321752732207
220 -4.97748442019924 -6.04824551978043
221 -5.6209169110772 -6.47742123851239
222 -12.0245216130536 -36.1566460425518
223 -10.6967362171003 -7.77292902039565
224 -0.884159924072783 -38.0648875684547
225 5.01887924906121 -44.1190341301944
226 5.71280249678574 -18.9975769111661
227 48.9193044293254 25.299495638092
228 2.31883929467337 -23.1959107949107
229 -27.7515860343882 15.1202329987811
230 43.3941007234588 33.8133311402394
231 -28.229375247078 22.3286499906943
232 5.41293090979768 -42.3749281682974
233 5.47360206061033 -21.8576774349531
234 3.04884322004193 -14.5560871165391
235 2.98399160904067 -19.3442693986743
236 -5.71561353861049 2.7966724260793
237 1.55933363242956 -14.2981666671231
238 44.0508727335643 23.589372494465
239 -15.3012272562967 13.7092427907657
240 -5.44407350684567 0.628172647582359
241 -5.08434946605717 -36.0362455137329
242 0.09533910860069 -24.9025110503208
243 37.0993564966801 -41.9661315891286
244 -37.4706692044849 -25.2778020759935
245 -3.83161841511564 -14.0869179921114
246 29.0385567741116 -36.7323079284115
247 -10.7681352659003 -6.37800835339641
248 -3.77225832611269 -32.8350901526634
249 5.75344264641744 -19.0293285012088
250 45.6588745714403 20.8757362880805
251 2.42311199156544 -13.6148085201787
252 1.76159189159977 -19.0340994317986
253 -39.6039072729498 -25.7561793350865
254 7.45234764583513 -37.7914750466685
255 -11.5314102727375 -29.6366934337289
256 -31.5135035252252 -14.2486441697865
257 -38.4093653519207 -30.5814177607149
258 -28.0777241246174 19.1818268481233
259 -33.700352649374 -18.0449624078789
260 -22.7575896801933 26.9784241679596
261 -28.90592472112 8.23595988947288
262 -16.7943036345973 20.3587943843193
263 -9.75735212343705 17.1850278422999
264 -21.1761711149987 25.7027953860183
265 -31.9947413857314 26.2974271168674
266 -28.0807202825609 23.6108016222137
267 -23.9885941784748 31.9118641990689
268 -15.7349362824809 27.0344766347804
269 -17.794064624772 27.9806464870038
270 -32.767567595657 -22.6296419412407
271 -14.738601241928 23.8486303453449
272 -34.4172445733013 -28.2487223556181
273 -13.3538600245218 9.95405814940192
274 -20.6023100843514 30.6128740541233
275 -9.67094752577589 26.192943213454
276 -30.9644194908306 -17.6595607561823
277 -11.4877923810621 8.3148661755596
278 -21.7843933679962 28.9364074540694
279 -31.369890138228 -17.4759226714688
280 -12.6692474755278 -5.04879184627088
281 -40.709488078275 -28.9471607430865
282 -24.8918679946581 7.31693746907483
283 -30.8994796374699 -21.8404619188206
284 -19.1986335225534 25.4267163716236
285 -29.0760304694551 23.5264731762004
286 -20.0276686956849 27.800344178801
287 -7.98436688632281 20.4260492078324
288 -30.1160570854189 27.0096103367915
289 -22.453048043901 19.734309249519
290 -19.1423921748411 23.1075968989643
291 -35.977729153017 -22.1429100299698
292 -13.3199764595811 14.7014390030868
293 -14.2709175198809 19.6322485962515
294 -8.31001990610257 20.0783873101028
295 -20.3853289178635 25.6588495139016
296 -6.18446528863202 21.163059939344
297 -13.3063780011766 31.6778931618479
298 -21.9468920758432 32.6393436446044
299 -35.7198060656674 -20.3227976534125
300 -15.253697370465 -3.06999675649098
301 -23.9839430616411 12.5432987814496
302 -29.5989282699389 29.0756289002791
303 -33.168363314275 30.9740848687507
304 -35.8063191001752 -20.0167597103802
305 -20.8167037586603 32.9749452507558
306 -38.166532498613 -16.5272626651494
307 -28.0774755586159 -28.5085820024293
308 -22.1822451332146 -9.21560866092326
309 -30.4054325247745 23.9269975302259
310 -25.2940904172006 15.8504688078285
311 -14.2352651834265 12.6658430587883
312 -21.2731535720467 -10.6642401532769
313 -32.0557908441313 28.6800740829068
314 -20.632973202885 -13.0104590342617
315 -17.8660519259204 23.7261081929939
316 -36.6817368960106 31.6462124258022
317 -29.1334492418764 21.717471664594
318 -38.6075463113158 -29.6142535264049
319 -21.5421485008799 32.8149886123528
320 -31.4831657005742 -27.0425845456666
321 -19.8109719456516 9.73359788019057
322 -32.6820654658835 -27.8300066944071
323 -36.3490534744425 -13.7330391736024
324 -17.9762970237953 20.5612542027821
325 -25.0889480864937 6.75226998497838
326 -1.04780882043169 -19.112886702563
327 35.1404376725194 -40.5973859263167
328 -1.742138849828 -38.2516792428552
329 4.55183846433671 -35.8429987094992
330 -10.0170044649471 29.2751882150113
331 -26.1027607929742 -21.5814607374653
332 -19.5582348120505 18.6172003876887
333 38.7018282887412 -40.0156310194379
334 -9.56143903814227 21.5168101674413
335 -24.5757055526338 20.5368926562727
336 62.8054088226405 6.79046871260067
337 -22.5129428345784 -21.1368331506265
338 -28.9115710605178 -23.7846158992373
339 -9.6896069027571 -12.4935558412397
340 -22.8118321870427 -25.0976795673062
341 30.2424561900061 -35.5585753569209
342 57.9096258722958 -1.846827557769
343 -9.20584295487645 22.0998259575019
344 45.7293823346968 -41.0426873351512
345 -12.1801307356811 6.84207040821849
346 -35.3700517391604 -16.8731887226268
347 43.7470470257938 30.2437970830282
348 42.7412212036583 -41.6117210763052
349 65.6548088231474 5.65020770144198
350 -23.4697155605935 3.85639320084801
351 -4.18670552653266 -2.26862209863439
352 15.2859412494461 -32.2456221706093
353 39.3606112366139 -39.4080955765913
354 36.4387775188617 -41.1728868065905
355 -19.7888233005946 26.7170719177524
356 29.9259085846272 -35.9417801248551
357 -16.3562002754166 21.8013659182418
358 -15.8808338519024 -15.7270724004428
359 6.07681062224789 -42.8737862584601
360 45.3678337345863 31.8082557072108
361 41.1593842179094 21.2603143303643
362 -8.02641619855133 16.3830350992275
363 43.8225993247906 -40.4272744261334
364 8.68121116613498 -36.2205861426637
365 -13.3782513618456 -15.0096843089946
366 50.2317511066392 -38.3714255212016
367 41.7542111528486 -40.0576051957544
368 -2.06312879364171 13.7187608600191
369 -8.45932652659467 11.7520864968598
370 -16.6373923223987 -15.5078907619733
371 2.48371925667544 -19.3388008756338
372 14.2036981536699 -33.7604792125531
373 -14.3814861893039 31.446129699127
374 -28.6046162375377 8.51144742767514
375 63.9259223830761 8.56451055960625
376 45.4664941804278 22.6056114116108
377 22.8981731888438 -34.4467335612059
378 8.88036037403787 70.6200686548873
379 63.3481852020541 5.98167251030551
380 -0.0181638428352547 -26.0125624262581
381 42.8831959398804 26.7185440357054
382 -28.8104582884685 -15.9345622029463
383 -12.1347800877328 -6.20605880542471
384 -7.85900791693366 -2.76881182079497
385 22.7385851849065 -36.0304927892879
386 22.6642006380676 -33.5502730609952
387 8.5424294115781 -37.4244525370445
388 8.37693055061937 69.4589720410843
389 14.9766234050761 -32.9488897880017
390 4.87695330296776 65.7019459193543
391 -6.2518004711305 -27.7461421023896
392 -29.257294039576 12.3268712687263
393 4.87321116677276 -23.1949359988737
394 -22.2993340026451 27.0328662145342
395 21.2463925874372 81.3552704235025
396 -12.5788443011157 13.1672435705439
397 6.94313919976852 -34.9416159467242
398 -20.5453874185152 3.87122617223482
399 -2.55206791610022 -12.3195466984781
400 -15.5505993065814 -23.4382900844643
401 38.2081521578119 -42.1647403810783
402 -26.1982461869493 24.9212812989999
403 38.7866994889489 23.7844218895155
404 7.71331953999552 -38.5165169352048
405 -13.8804252200677 -5.04823848993386
406 -8.84368265350999 14.8664616573047
407 34.0930718768183 -39.2020409472439
408 5.39495672767729 66.231991491422
409 -12.5095063311615 13.3123951618039
410 -26.7354625269548 -34.2533523350477
411 29.0556089101633 -42.5442589644841
412 65.4371774252411 7.44547029668319
413 -19.2895129146939 27.5641909843403
414 43.3562087390254 -41.6281031502515
415 -22.6095595514721 -20.6003893825025
416 43.1839872857655 31.0422171987233
417 -30.2617160361119 -17.6329236589376
418 -37.5433389777991 -22.705779411098
419 39.2264981563507 22.2161890766846
420 48.1134177967002 19.236392999315
421 24.630317888738 -36.12574228404
422 7.75145472540851 68.363227263465
423 -25.0215000652197 -34.8913038296913
424 42.7797387554994 20.2568654345836
425 13.5996132552358 17.9255465633691
426 9.46466206193663 16.916419306963
427 -25.1255344786386 -32.2015481931833
428 41.3544526746422 -41.294580970512
429 7.49351613886194 24.1031436336051
430 53.3166137341486 15.5111752355014
431 -6.55145595104718 -16.8627539575131
432 -0.324700068539542 -18.0319849256428
433 -31.3948254111751 -23.1580056294223
434 -14.9910111623843 -22.0705194888333
435 4.26116209360358 -40.2892925342096
436 21.2574923546412 -34.11645974183
437 42.3521753372077 32.6804738796885
438 5.98834877945291 -20.9254712080061
439 -19.232946372538 22.8074615660336
440 0.844567287632872 -22.678602510416
441 24.4677934113056 -34.725046925677
442 14.0245773185904 -31.3326116914669
443 2.02299635900965 -20.5647760913657
444 -13.6782781290226 -32.2899630110832
445 4.3669883564464 -43.7973863285605
446 -14.2938807819809 16.0891462127822
447 22.8786397348174 -34.9737561016368
448 -15.1960991877851 9.60175310675202
449 -18.3711087818782 19.2063258804628
450 12.8138342876048 76.7741037044511
451 39.1144278115597 17.2176002007624
452 11.2026885945297 70.6691872874871
453 14.5813907724759 74.7170211625898
454 14.220750185928 73.204096244386
455 6.80644258654869 30.9685451584666
456 9.92624786193821 69.7965368050086
457 13.0919599912835 71.0288025576955
458 64.4493175594468 4.07034010792821
459 9.31769277227793 70.2783458659349
460 52.388538198275 16.5696835522177
461 14.1189171500171 73.7951543402319
462 5.65954489265971 70.9063347769699
463 7.32242533121612 71.8510912156935
464 8.68331551591941 69.9813841276444
465 14.084940745159 74.7004352522744
466 51.3459911028996 17.0248816941787
467 22.2436970920173 80.3766785787467
468 15.5309315395423 74.8025589035014
469 20.5404082503235 78.875127235414
470 15.0030835521831 75.1598701905181
471 14.8620799199679 71.5896816467065
472 12.9988272633521 70.6747090670586
473 49.1779411227149 25.8862765014029
474 51.1085481638175 17.7583616146498
475 12.4093624089434 72.161262007792
476 19.2760007160405 77.4022978219317
477 61.8607073730572 9.21231741590064
478 6.1143841268711 68.8255210219293
479 14.9996199547652 73.0010229467597
480 14.7321371336091 76.4833335124865
481 52.5792950716574 16.0197988503495
482 12.8932447490335 73.1694590827558
483 6.26601735447553 69.5240285942787
484 -21.8825663854784 -13.2380738164762
485 45.0516428056612 27.7521110270721
486 -9.6661347045761 -2.74004892236544
487 -0.233397232675601 -27.0208392405304
488 65.6423079421022 7.99432856018925
489 41.303665360453 29.4376237037389
490 44.0572439305367 23.0103377953016
491 0.179267131155322 -38.4215617207795
492 -8.99568262857923 18.4903789089798
493 16.8767516393315 -38.6959630441887
494 12.8097836460081 18.3188322049292
495 -20.631922895291 -28.8558532264916
496 49.9101099361747 -39.58975884684
497 42.2927637938842 -39.8126745233809
498 43.4079289005958 31.8932518276327
499 41.3060990033768 -40.6911782688852
500 46.6229175866757 -39.3330957612242
501 14.3636612895621 -31.7668257327241
502 2.54104789914132 -23.4889485888826
503 5.26899566929476 -40.8760400426838
504 36.7201626303759 -39.9387027569748
505 -22.6987829785964 -10.2643215660975
506 50.0999048767173 -38.708030742886
507 33.4768217738359 -39.6553851959507
508 -6.23360588160561 21.2192936931618
509 -7.41775426135509 10.1844430095729
510 42.1941860813197 31.967828134621
511 44.1326835417882 -39.995206320342
512 46.6408986904269 -40.1282391133873
513 -7.52942005959516 -16.8310928943931
514 -23.9614912602534 -22.0599631367847
515 16.9644776445915 -34.3443988004157
516 3.8256352288878 -21.8307048638294
517 7.08801032882405 68.8835614054875
518 -2.21335615157666 1.49580074911414
519 -7.01118853021087 -27.2357402109361
520 -26.0355976818952 -24.4092011906155
521 15.7784052137882 -31.5008640147242
522 46.9575260340934 -40.7647618580452
523 12.2164823326641 -36.8596904498587
524 42.8968942094541 33.6009533652476
525 17.9344825644398 -37.7946857263976
526 41.9158052993294 25.3639002836137
527 37.6673901135716 -40.056219763295
528 -29.5810994514125 -18.5505911527728
529 24.7438074125082 -33.907673522093
530 -14.7825332798325 23.1868198548673
531 39.3979203744669 28.9952790361461
532 37.8949302585041 22.1102952553187
533 1.97126124237742 -12.1618558096979
534 43.1136829526465 20.9313277151382
535 -14.4335049023855 -14.7232772046791
536 34.536898065984 -40.5353862167765
537 36.0162843850713 -40.7980071887364
538 42.3078812612668 -41.028580448847
539 5.23270376436195 -17.0444960582137
540 -16.9965988235906 19.2906674728934
541 37.6940085037813 -39.3030671737088
542 22.9483805893469 82.3028572054771
543 43.1244901431108 32.3946509112709
544 62.6938927298644 8.67101169253609
545 64.5505140018939 3.59420218553688
546 63.7290643472257 1.0219563247775
547 60.8159310988615 -1.27920391611547
548 61.2518004445474 -1.59788357521505
549 18.7544399903232 78.4585539988262
550 62.4356548132645 5.05405311703375
551 14.2041057556721 16.1267664742297
552 61.4781959718645 -2.06037775444588
553 61.595266071922 -2.55818165443504
554 63.7328638552783 3.76248426155384
555 61.7248019886812 2.83120783679185
556 61.1540661967358 -1.37293521944397
557 64.0468485024931 1.5644143150828
558 15.0273646155105 80.0225718923222
559 62.0326388617932 5.57596253024451
560 63.4780139237621 3.69047466767094
561 -34.3265895074539 15.2355562802624
562 -30.7128509197223 20.1442177170731
563 -27.0364414966033 35.487543721906
564 -25.456693298088 14.5281103910541
565 -25.1034960625926 26.1178506098104
566 -29.3022959949723 17.2306665303842
567 -34.3555644762878 15.4078635032513
568 -28.6287353238562 18.6296478097175
569 -35.5291154034281 25.1645828989739
570 -18.8731404189281 16.5729392147726
571 -40.2893108384775 -15.0066159085775
572 -26.1422229393899 -22.9070573583994
573 -28.4551755803074 -28.1591003501894
574 -16.2601903708406 17.0789168053731
575 -27.7044080416911 30.0634676950209
576 -34.4667994771849 16.7295369910532
577 -38.5762040153493 -18.697644519248
578 -28.8626607647413 -26.1978250035745
579 -18.1171783517378 15.4064218399419
580 -36.5361975311008 27.8300051451142
581 -28.6709206851859 29.2601995764967
582 -37.3119875839532 -15.4644762044943
583 -22.8859424793362 16.3450871350554
584 -28.5729225404554 20.7745464914981
585 -20.1673352011731 15.2997194276612
586 -32.8991095813302 -28.4694344139627
587 -21.0662540602235 32.9200466812941
588 -36.5412169449986 31.634476337378
589 -27.6937392384691 23.6956326432134
590 -20.6031257766974 28.5166711472592
591 -34.6141269872011 -19.0960059659803
592 -21.8560199306415 10.2206041551341
593 -40.2747153617309 -16.057028315503
594 -23.7876584524166 17.3696021663237
595 -11.5558441151332 -23.3510499549555
596 37.7872666318637 13.0185752259556
597 -36.2552665451483 19.7454111759817
598 -11.4069017874774 -23.8044874411438
599 -33.8342870902914 -21.3555022035595
600 18.421218424902 82.0919803942539
601 -33.2340428983009 11.806120271597
602 -21.7389056216895 6.33340217013071
603 -35.4740883556562 -26.1419431525373
604 -32.7440223690264 -14.4555055035879
605 -15.0398876708132 19.7262848792637
606 -31.2045549957825 9.19292369128933
607 -39.0176500653492 -20.138693090588
608 -30.5254069754886 30.5972825421836
609 -31.9695749250041 17.9307688683393
610 -18.4247379374509 21.3460272040802
611 -16.0308879607305 -4.6282548228592
612 -22.4641435967366 -25.3474886724253
613 -25.2352980307881 28.3024835865668
614 -32.4781834260225 -26.9956993918398
615 -18.9153231548321 25.2788187086686
616 -27.518427155669 32.4285296428803
617 -30.4033647955694 -33.8024801000221
618 -32.5533601128749 -16.2617265610437
619 -38.6676069091129 -21.2427155794045
620 -21.0930986338925 22.8838458665255
621 -38.1818044853304 -16.8645005845391
622 -41.8593127348265 -29.0930350108633
623 -34.5287946249988 -10.7629091718379
624 -27.9650848148442 27.5788166440379
625 7.54282767707663 17.3384682202712
626 -31.3719031335976 19.5304002063006
627 -36.6497752120686 30.2985292666015
628 -32.7344800553844 -11.7803726545996
629 -23.5159896163685 -10.0969499798175
630 -33.9881923053357 -30.8622668445017
631 13.5494693258646 77.679991808046
632 14.6632215023517 76.0371448465627
633 7.93826166530692 71.2786995564591
634 16.3578453401258 76.4614080651413
635 23.6027607010127 82.9807266598082
636 21.0779015023674 80.4312472223714
637 22.2062221634519 80.6814205506378
638 13.4331395202493 72.5782176183538
639 16.0997737911697 77.1479713792556
640 16.8741029246194 76.2457670840033
641 16.3997096648523 75.7952484604386
642 19.9180334134477 80.0383991210177
643 22.6731398662447 83.2653119356672
644 6.61155975648595 68.200746530559
645 6.61328713002268 69.4496647374605
646 5.35323344407529 69.4469548313548
647 13.2359676891639 74.9419879509582
648 12.6205491902776 74.5552968636566
649 9.60818087388349 70.4617137454276
650 9.52551558284187 68.9589344292162
651 14.1103425344361 74.7679939409828
652 15.8956086275113 73.2187102283384
653 19.6316160268863 81.012092420298
654 7.3793399618014 70.7708707117282
655 7.57847212531862 68.6076887837299
656 13.7865303355523 76.9828071225981
657 58.6110902727728 -1.73268202313742
658 52.3922339419434 17.7272466163076
659 44.1099406591626 31.7317988563151
660 11.8366224232714 17.0055311702715
661 27.38893511234 -36.9878632521242
662 15.8820660251132 -35.9205317510458
663 24.4825230674016 -34.5432267787078
664 35.5664611331519 -39.8716116094132
665 22.1575569110331 -33.4304993190806
666 32.1305728211308 -40.1274843096554
667 36.9341815176184 -37.3767873123965
668 -4.18197189462805 -42.8149668222574
669 47.5164580715143 27.4238060330387
670 24.8970294187377 -35.8779015471387
671 45.5308082971636 -39.9545897736287
672 19.8975714602061 77.8138241688028
673 35.0499560797615 -39.0244197671952
674 15.2294345539511 73.7159268389509
675 3.2150519849101 -18.0404478210348
676 8.37735427163971 -39.5247071167923
677 32.3706718612615 -40.9486227311234
678 51.7657404357679 16.498413553377
679 44.1209083110042 33.5600917826494
680 -4.22718813615928 10.0733117822082
681 48.3304465808682 -39.9706074561628
682 0.94074040636475 -15.4042067788054
683 -3.99475801523066 -33.8028573377535
684 45.8740525147143 27.9175005744362
685 35.3217021764943 -38.9092257730226
686 -10.3730684166323 11.3841007997094
687 -28.2474857056254 31.1456154830138
688 -29.2155031368144 -33.905340007765
689 -32.1907463184324 -24.6787770460131
690 16.2192718732597 75.1419049109162
691 42.3351709318541 -41.4638471043703
692 -21.4169759452985 -37.0685292893397
693 -12.1776507788816 -15.7830626981294
694 23.0230899973691 -35.4859630367375
695 -23.5583066208264 2.33229787194078
696 -14.1967921881732 21.6429942759571
697 -25.5605883572555 -27.1297496366585
698 -26.1800785269062 26.8074976325631
699 -15.5717728122707 22.2448378804889
700 -31.3807986292255 28.600199708216
701 -19.2858277990594 -11.6831850893064
702 -10.951183255684 29.9096408878399
703 -30.1995132352832 8.52314442647865
704 -19.079056238839 -18.9848232536309
705 -22.7381462589212 -33.7992241517806
706 -14.0512610445133 31.4926199607517
707 -29.2897002328363 -17.5081658761627
708 -18.9327131678768 30.8201087950186
709 -13.5030861733496 30.4325042248914
710 -33.0858458340521 -23.2629909353835
711 -25.535011442766 21.5357537972543
712 -12.6682632704574 -6.59058249826345
713 -30.0965270302102 31.2531369726358
714 -23.5445680517028 28.7816909688973
715 -26.8006971227433 -27.8867458326328
716 1.7209581529078 -36.6311132222997
717 -20.1277383290137 29.5166609995957
718 -14.928868302776 -20.385371887412
719 -22.0658408909108 5.48626976792203
720 -10.357064768705 0.502527361777733
721 -18.4012452658074 27.8798084998196
722 -19.4248451957178 20.0708542701148
723 -21.0342512890626 -20.9249987088878
724 -34.3871491789559 -22.5736668071393
725 -31.0473590177991 9.1301114947897
726 -17.5718520103484 28.9907459328826
727 -30.2793009136666 28.0059999402757
728 -17.2767408666387 31.0364018133634
729 -17.7234644052128 31.9302086769698
730 -19.7086431044407 -22.5919220647136
731 -10.9401839115396 -7.85063559462387
732 -17.0545101254005 -29.1002604567131
733 -1.6561161822822 1.51529694988249
734 25.7395548081325 -34.8231994582936
735 -3.07953938522485 -38.404563115601
736 1.75104687161226 -12.9848885611691
737 35.5960499368536 -41.6678722642863
738 -4.19500025622682 -11.1728290963624
739 -4.02178226311125 -1.17126277600701
740 -18.2118808115612 -32.953745481898
741 43.4252459582346 19.3073821925985
742 43.3334533972179 24.483046648088
743 3.19365336992252 -16.8854710081875
744 2.44724872508927 -23.1965183903811
745 44.047605061504 29.2676548479651
746 57.0005801858132 -2.17602765195667
747 3.47326976673924 -39.6427185918277
748 -17.0990211591453 -19.7816982876789
749 -3.35797796147918 -11.5389700750472
750 -0.330825850736753 -39.1177455448437
751 -7.49963407178547 -29.8311520755125
752 -19.8665109366503 -34.1586601496061
753 1.62363019355004 -16.5175978872957
754 4.60573653398139 -15.0059238803124
755 -16.3685137763726 -20.2921339264485
756 4.50525757067867 -19.6935075508526
757 -1.84353380720641 -3.69795756896366
758 -5.50145469434454 -17.7367692615986
759 -5.27701204040755 12.9986903461758
760 45.3283252091983 27.2436500947458
761 12.4879317320906 17.4108732410718
762 -19.7654941653684 -34.7293682317192
763 2.43243693117702 -20.6365499959223
764 44.8951495634647 24.220180690771
765 49.0437214194253 18.4394122173602
766 2.83707556896984 -41.781426564666
767 -9.90161460850615 25.9644880832109
768 57.5054219214646 -1.8953798854214
769 2.26418223218627 -11.5443466697381
770 -15.9319657751809 -20.6815296981448
771 0.908887698849056 -16.4082099891478
772 8.85540639884588 16.3314668118001
773 -25.1845525328641 -30.6783011573862
774 -22.9002785224494 15.8771502829236
775 6.3822156240076 -22.6269756830892
776 -13.1018207596137 -6.9583554703757
777 48.2612261856072 28.2685712384783
778 -3.44052682235224 -13.2878807545909
779 49.4038836279232 18.6465237846191
780 11.0621809717488 17.1905575041367
781 0.866348220466242 -12.4103777614813
782 -19.4279418459086 -33.6104674732484
783 42.0793619891051 22.9031058665161
784 -6.25013430656483 -17.6414072045875
785 1.0086888350654 -13.1075198513417
786 -5.81738933123537 -27.8190977422818
787 -6.20293909421632 -11.6123072903607
788 -1.21666966655682 -2.49712070029936
789 0.406781558545368 -22.3837864477948
790 -1.22169599179285 -4.42891004298837
791 -3.7919361380204 -38.1877631920864
792 -3.23833447363547 -37.7611914037338
793 48.6579222882869 26.6021969635748
794 42.3856782086723 24.219447737576
795 -17.0528605254213 -29.2396303007939
796 25.6200256775858 -34.2184760539653
797 -7.0090754185974 -35.7066117900441
798 -7.81740299130289 15.851433294851
799 12.9998022322675 17.4450938483256
800 -9.06388988461091 2.02783584442288
801 -13.4859080861445 8.80159983321976
802 -5.92873856064796 -29.1739972037283
803 -0.723568498275823 -2.98411142457637
804 -9.79858634398526 -1.3434923403513
805 -14.2442353820766 -16.514826359084
806 -7.51709399281791 -30.1547326637558
807 3.38340577247119 -19.671700309859
808 -25.7776041050452 24.4488368619631
809 4.10308169335976 -40.9919749224265
810 46.5547546065545 27.8635054963413
811 65.9609784247772 3.34916626469031
812 62.2483183007092 9.45390903446708
813 64.3649348572606 3.2184553748025
814 65.5269551841711 2.23595469679768
815 67.7805730390292 2.34000834696232
816 63.7947525540229 7.19999498216707
817 61.4505147051671 8.68099301376984
818 64.4581318839188 7.24372740495525
819 64.6599615481689 4.59309809421275
820 64.9770888519772 4.26528440181707
821 57.8813724351534 -1.51956272435838
822 66.7752418117078 4.2894712872628
823 61.0691066725452 8.15339172129373
824 45.9799173511225 29.195020356697
825 49.6989996027446 27.2220229276528
826 52.8285907364131 16.1346166568258
827 66.6994615893059 6.0283378428149
828 64.3555199085616 5.08443606674076
829 48.3714204960404 25.6321227213454
830 67.4268596837271 3.59340097028435
831 63.9238807330963 8.13647807691696
832 66.7618683261511 4.21976313646782
833 61.113199630085 8.76632556837617
834 66.5376580117381 2.00440380044987
835 66.709955020812 2.17999062294329
836 46.7395073748715 26.4947076457955
837 47.9538181216614 17.5648265828449
838 47.8399554838444 17.6392693481332
839 52.324513751394 17.2905963037237
840 63.9348241632608 6.59497466440296
841 67.0069732679015 1.3883992037972
842 63.7266156250069 6.71552794225299
843 62.9901901671947 9.0990720919258
844 -19.4367603925486 1.73326156473406
845 18.7357410812005 -36.3205037369843
846 -22.4308770458729 -32.4731760370683
847 29.8193391595396 -39.9266659563686
848 38.8468947154539 -38.9411700968124
849 -19.3764700540002 3.99760482401217
850 -5.45037727325736 -1.17379278777693
851 40.0807018582957 21.7056756616855
852 -2.57977913168848 -7.01467868642894
853 -20.7233801394347 -26.9712534161412
854 39.4357786701511 23.5807479474032
855 28.9659995235599 -39.9433320747615
856 -20.454303890228 0.275448739851109
857 -3.33713480893414 -21.8726858418242
858 -6.41619626779031 27.1221598638472
859 -5.5830114288646 -14.5919059833601
860 39.2503965058337 15.6165306895416
861 40.7093063345368 30.9112697223263
862 -39.4462241589064 -30.2330959272186
863 -10.8613064052076 -13.4890040179049
864 -7.36935124581724 -39.2573464721315
865 41.4807244951889 19.3147417242675
866 68.1582410606123 3.08939759330843
867 -17.9362539466113 5.7753534452483
868 -13.3209770544414 25.9562015835623
869 22.1698686173787 -38.4543512072945
870 3.77445157162873 -45.2494614461908
871 31.6120826755842 -38.151510253312
872 22.9751573466263 -38.9003852133542
873 -17.4399299366629 -20.5699392782625
874 -9.48585059259448 29.8241606086269
875 36.1932879850168 -39.1815433835757
876 44.6966029501895 25.9485240995599
877 41.2537534308747 21.7967669098055
878 68.4456341681933 2.68208915820288
879 -26.002285899732 -31.3455956548704
880 26.3690528176595 -37.4821789500357
881 3.25974008299186 -27.3678294407546
882 42.3614714986027 29.3620385940503
883 -22.2868824601325 -35.1264121376054
884 20.6993628456854 -40.57832555581
885 -25.3046668780992 30.6100555081978
886 14.2498621962547 -35.0788726393033
887 -7.5439755140619 -40.6101437911051
888 63.9688471126254 5.55752587193437
889 30.7288079007081 -38.955646432746
890 28.748071869617 -38.6048662677874
891 -2.61386241396965 -16.4714686241193
892 52.4119660365085 -37.0431724264669
893 13.1820926312386 -34.7599215626764
894 -9.59354530658751 -41.0559957610996
895 67.100726979835 2.84459522150259
896 11.2913279913612 -36.3314731313962
897 52.753158983616 -36.9099503769936
898 -4.14494901665245 14.2832250009132
899 38.0797510651823 15.1912603758018
900 -0.829043294098139 -43.4693498605354
901 -9.13364370132038 30.3291248893662
902 -1.46795735461928 -43.6118838328323
903 23.4374426743635 -38.1098407387001
904 67.6200517647855 3.09739368396336
905 -8.81295216720204 -40.0771844363857
906 7.01787594366536 -36.3964546683332
907 -6.87354680852228 -6.28722710244346
908 -29.2345531517139 -31.0800042012106
909 -23.1200252784729 22.2074944151706
910 31.01441276581 -42.1412183834526
911 66.0723983658583 7.52271838096588
912 -11.5440971594985 28.0609383363646
913 -14.1605488546494 -32.1983805264671
914 -29.4093929002209 33.1710699281871
915 -5.64637132337484 -35.7052953122823
916 -2.38316529301158 19.6167694095996
917 13.9073897480236 -37.3372717262639
918 -20.5829208801856 3.65687293966617
919 -38.7572822096215 -31.8741082768776
920 20.5623773422269 -38.166219779534
921 -17.8734253866644 -23.825109678683
922 -5.3531605228132 -42.0935622653708
923 -33.8489842277795 27.1910380561918
924 3.44215433989978 -40.6911387721681
925 -10.8400208137988 -38.1144817690545
926 -2.53002481197213 -15.7690595991798
927 43.9195480460529 19.9168466939077
928 38.0143869908187 16.3314800733837
929 65.658612834858 4.43556455732124
930 8.99218338219678 -37.9573705082059
931 50.4177023284876 -38.7579992950671
932 -7.52095077704641 -40.4705141110594
933 8.76076468438305 24.3849348307711
934 2.55761153253419 -43.8668166904
935 -13.0240030741079 -10.2214536363245
936 -37.5823116835651 -28.5574207551427
937 -5.56428509043941 -42.6863540757433
938 -10.8327569182978 16.2849577288431
939 13.4142659222507 -35.7872527965594
940 -9.69375886069506 -32.9499314750421
941 43.6435849559742 29.0710423831245
942 7.96779548105636 24.1995798494319
943 -3.95063896237726 13.6671144064628
944 -12.435773149616 -8.91790964813315
945 3.10863313887447 -27.4414934810117
946 -2.65977612664356 -16.5715829324263
947 -3.34518673316693 -13.7218459560641
948 36.7287790851836 -38.2903493074164
949 -21.9433580042208 -33.8416858339351
950 40.9337357857921 19.6898703265937
951 -28.0641193645369 -20.0916644831436
952 39.5025158823049 23.955450547825
953 -13.6040625304632 -30.4452774472408
954 -9.84106188482125 31.0776095033351
955 23.3720271585507 -38.9210076866164
956 -30.3150090223044 10.7742310907493
957 -28.6805166013743 -35.4067584763329
958 -7.44114414277439 -23.1921875997867
959 -20.1900454714661 2.29624613113736
960 44.8539870575904 28.8323990591265
961 -40.4303896137961 -24.3178540272727
962 -13.4241266877095 30.0172730404022
963 39.6684240850211 29.0841019661583
964 1.24258513120595 -24.8427577950054
965 31.8107469366816 -42.7272324985015
966 -24.1853003306445 22.5360179452494
967 -29.0327785424456 -24.0043691741747
968 40.151045314721 22.5422004949204
969 -23.5997904182624 -34.7574703370662
970 -21.1920735858582 -21.8137370176034
971 -29.6982055573944 -31.2829647241932
972 -3.36647795333485 -20.7233662416602
973 -4.85041283621837 4.80886991585923
974 22.5755491920147 -38.7037255985481
975 10.4733492201087 -35.2340301713982
976 48.2790867087215 -38.6387266290273
977 8.37216656520004 30.5883959824517
978 38.5421610966231 19.8268068962685
979 3.08352932185293 -42.82064666507
980 37.405836931155 15.8417848633813
981 42.6748871229974 18.9683278076152
982 42.1254179993531 -39.1433356025173
983 51.643297226271 19.0069529294787
984 -20.9149069396207 -27.1528157317246
985 -25.207494446235 -29.1046863851932
986 66.4836475735339 3.53963369601979
987 31.6949430819304 -37.5359057193343
988 11.9313477060879 29.8062075369185
989 27.079602765319 -33.7331524938777
990 40.8386669124969 -39.6010798240458
991 57.724925888795 -1.97769105578404
992 -0.309664697025863 -26.7676531579662
993 -7.06009176042206 -14.0617431811364
994 44.013796523649 -39.1201191653832
995 29.8236173797095 -39.1179097261252
996 -7.25506615514072 -5.76011675996929
997 -21.6271009376424 -29.8000811142592
998 11.3557312442246 -38.0422216266892
999 -10.2553846835398 16.8272333263975
1000 7.94961722977663 -36.1240297581767
1001 48.437221057645 -38.4577206513891
1002 -40.3080088062955 -27.6807084339696
1003 -4.57481530329872 -40.7820893595473
1004 -32.4896593486361 -22.5693119779284
1005 -18.099192535989 -22.5860279036974
1006 -4.02066835945219 1.07683182338569
1007 -8.10898789677992 11.1487591808745
1008 41.0508891127628 22.8856206896696
1009 -18.9202930856995 3.26958453386901
1010 15.6737459569379 -34.921576002104
1011 41.4941788838141 22.2140730783201
1012 -29.3248799603132 25.9551893398137
1013 -9.28641669617044 -13.9924302046685
1014 -7.89661820570414 -36.0824016776509
1015 42.7043014341163 -38.097751433047
1016 41.98289405917 30.7419522321297
1017 55.3406104925995 -2.66344082277828
1018 -32.8530245721111 -21.7136262654622
1019 -19.3413048457827 -22.7806756941966
1020 -5.65825222436024 -23.6265337176221
1021 27.8966036764204 -39.9515435988917
1022 -30.6169607684322 34.3661476333214
1023 -32.6180596975761 -13.6374446532936
1024 -9.89219449212203 20.9726670209817
1025 21.912780036335 -36.2931805820614
1026 -3.82651719179392 3.16880336096182
1027 51.5684316136154 -37.6519384026875
1028 -6.35326867463446 31.5070743006486
1029 -4.24299072589438 14.2895984080829
1030 5.54315896934806 -39.4626097617339
1031 17.0245476937287 -42.8930240886637
1032 16.6543745978702 -34.3796387135783
1033 11.7397756512413 -35.4600109436404
1034 28.8807954897957 -42.2911433276793
1035 -12.076946751782 9.5020362669105
1036 33.7817770474862 -40.4979185081307
1037 3.44741722707469 -42.4013557671668
1038 -5.70082354407406 -18.6697564287923
1039 50.8855544349021 -38.0542437624131
1040 -4.38178745782571 -14.2290537926239
1041 -2.07426362357227 13.7750235271621
1042 24.383811140897 -41.0673592652687
1043 -1.74435133354329 -15.0452527537347
1044 -38.361942003135 -27.5334196022828
1045 -13.954570011481 -0.484561879593525
1046 38.1955398277239 14.5782670803207
1047 -7.39679131680046 18.6870765984902
1048 -22.0019945763553 23.0842958645871
1049 -20.5548052540909 -0.46815432710859
1050 52.0796913424018 -37.3271339017476
1051 -10.8880537843911 -32.5504193939848
1052 -32.5122656119781 -24.0591890467783
1053 -32.8961180129487 -26.0996449107231
1054 -5.21873967053796 -27.5948115307925
1055 3.65957486113169 -44.8914692526846
1056 8.06153383194521 32.754561338717
1057 -6.6909767950925 24.2952046016367
1058 52.4210337514214 -37.2298211761662
1059 -10.1810535446411 -35.5861305974132
1060 17.2960114082794 -35.7908371187749
1061 8.05300090758983 -37.6577145457561
1062 26.1783852182753 -37.3474998965415
1063 -1.80751659706554 -26.6219968774403
1064 21.0995459327695 -40.4401393140818
1065 -17.076399083364 4.92784088539292
1066 30.370392853623 -40.9353776327924
1067 -7.18174465478392 -36.3389077317324
1068 -3.57404204376748 5.50489046334231
1069 -12.4089971421762 -10.0397286467982
1070 31.5374838399819 -39.133261278842
1071 -5.54301108842466 -8.80149284703321
1072 26.2144049977097 -39.3603331899135
1073 1.46412514664035 -43.455359430052
1074 15.0669371915974 -33.1273492642793
1075 -2.95606053602755 3.2270231222941
1076 8.30163139825625 31.0039049841355
1077 -14.8842781784973 27.7945339534924
1078 -5.53747205708311 -8.78522453372952
1079 5.39762031450447 -43.258201993359
1080 -11.9775934954682 -31.5162604385821
1081 42.5933949802374 -39.4445751099699
1082 49.6180924401691 -39.0310127336851
1083 -2.13702748460651 -15.0130578495622
1084 3.22262834658142 -26.1182544096169
1085 42.9069700667384 -37.7976218483484
1086 17.7173406366413 -35.0911934057464
1087 5.08516927876775 -23.0402350059713
1088 8.55833348087032 29.8730040090715
1089 7.38901035005401 67.5888376926908
1090 -8.81831120813253 4.05703330775078
1091 5.65307126172915 66.5723813225431
1092 -13.2537064454509 -32.170066101242
1093 -7.92022758057494 -39.6500751170094
1094 52.6898852852895 -36.9261665140061
1095 20.7876295993408 -38.4077479504266
1096 -3.4750520240298 -13.3889987920084
1097 9.109289825248 31.5856548668349
1098 -24.4608304021403 -29.2964648666628
1099 12.0249695204782 73.808990965975
1100 -3.92582972734665 -26.7281206844993
1101 22.8517927200348 -36.9996299075185
1102 -5.95033728286548 -37.5437816666463
1103 11.4175193274423 -34.5667170262434
1104 -9.98789279199037 28.320346701743
1105 -27.5103455825459 -21.9957295893855
1106 38.5760515654407 19.2681535611258
1107 -8.6038467185403 19.2312784041899
1108 -20.5772641886283 11.9384633695713
1109 25.997643587707 -35.5415968935878
1110 6.84538884175481 -33.4300139953835
1111 -13.8814746803941 -8.01909623350993
1112 -15.6459488544709 -17.5268282797273
1113 9.96504127542902 -37.1874188801059
1114 -11.1522625969554 20.1866907298411
1115 -6.10816017495322 -34.4845568041614
1116 -23.0794741302605 12.098732347347
1117 -5.41006919085196 -13.085961294653
1118 13.7489095399696 78.9077449925098
1119 -2.37867898745175 19.554741670417
1120 -3.82619519307979 -37.345783476659
1121 43.4746919303001 -38.4924790509971
1122 4.6236576845683 -20.6951423223215
1123 48.4011245509826 -39.0504122710516
1124 -3.18289685555009 2.06464451868661
1125 -5.61755187622745 -35.8092689672657
1126 -7.8331320000607 -4.51196744598729
1127 -24.1897531553743 -6.2394977342521
1128 -9.55454916830552 27.4777135415081
1129 -9.03177284211036 29.6443642002228
1130 34.6836710793296 -39.6662066888346
1131 45.3714322249528 23.9504118552203
1132 2.00767469528142 -40.8826458409811
1133 -13.1061751182041 28.8231102756435
1134 13.7434984639325 76.1241880581667
1135 -33.9936563826014 -23.0378779697211
1136 8.14479335442187 32.4856163933899
1137 -9.98789489411382 -36.9889941234461
1138 -11.299111202229 -31.4578480266775
1139 -12.6195565933366 -32.4698639806006
1140 13.232072633983 17.1264305401616
1141 38.1440557398315 16.3777937943122
1142 -16.3933191674541 -28.1979328080414
1143 -3.29718154798041 -1.18865300185465
1144 -35.3932940976337 -16.8776885279514
1145 23.8153900690162 -37.4895671208529
1146 1.87181874275334 -38.5908375677966
1147 -4.14508002770205 -21.2634287005172
1148 -22.2016384159017 2.40149846485152
1149 25.6974969191275 -39.1459081944775
1150 -8.67490695815931 -35.6262143419786
1151 24.759109146404 -38.3457041141203
1152 40.8225236413796 30.5278643663599
1153 -4.02369495128538 -37.0336153446592
1154 -11.8089876956752 32.5486718638913
1155 2.08476600213797 -38.9929397821957
1156 43.1494853401294 27.2305535404142
1157 -5.76786929428943 5.77697970622205
1158 47.0662914984736 -39.4456409172194
1159 12.0135412736679 17.4235944300359
1160 11.8476287006383 30.1773066908715
1161 3.55317747463159 -40.9149312288012
1162 44.679729091714 21.3190409217231
1163 2.00995306370969 -40.50446727393
1164 -11.0037310062936 19.2531412560085
1165 30.0558346188488 -37.3348199337219
1166 7.02232456267918 -38.8598110541357
1167 7.40098221931943 -36.5855071590907
1168 25.2621344660017 -38.9383304896178
1169 -28.4480894156024 -22.8950242311838
1170 -7.03194348511676 -23.1935316317481
1171 17.0174490490597 -42.8865674063743
1172 -9.26761775030125 19.7338694396912
1173 -4.25347795772546 -26.8769356124911
1174 -7.94926980287484 6.03583398549176
1175 12.0730123073608 30.7821002862812
1176 -34.137786025006 -27.6273469211244
1177 -36.3025437788301 19.6451367579379
1178 -33.4887682284532 -14.2705925569282
1179 -36.0589771411173 -29.4116937899846
1180 -32.0996434562305 32.1614203391484
1181 -40.2663313501679 -21.7224907734918
1182 -29.0231643299092 29.8572639445901
1183 -31.7626172416075 11.2232270686899
1184 -32.0096136655812 14.0510830371626
1185 -25.3761626443654 16.7957635368182
1186 -28.7407922982829 27.1290432799238
1187 -33.696276793997 28.4259439215091
1188 -10.2196873836363 25.7619149184784
1189 -28.5034368647516 30.487185716365
1190 -22.4466404537554 8.91249850639648
1191 -34.9616174398761 -24.2375676792162
1192 -29.9310402269402 12.3384018099192
1193 -37.780454130465 -28.6935195953717
1194 -37.7511352936914 -20.488954280511
1195 -40.3559406551292 -20.9473324593711
1196 -21.9345794409781 -37.653806924878
1197 -15.1622631296555 33.8509544433803
1198 -34.5092650401942 26.0056745976758
1199 -36.6265883649636 27.5666165435364
1200 -38.2270611929551 -24.5594095295868
1201 -39.098688082702 -22.4205059856013
1202 -37.1423405543988 33.5732070502852
1203 -36.2590697496967 33.2840310995869
1204 -36.5344457332976 23.919981704091
1205 -33.6140638469233 25.4396042010987
1206 -34.6942241571154 29.2308712739986
1207 -40.4021745983327 -21.3856647476759
1208 -33.5162662379867 14.0138465925833
1209 -12.8902633361666 11.9740183477583
1210 -27.1346061840722 -30.77023586417
1211 -10.5029632346446 3.74245390942804
1212 -34.8642875747267 -15.5459694012958
1213 -14.8374501302188 29.2015236461107
1214 -34.7984125280558 27.0954158387473
1215 -37.1481912363647 -25.7969600827921
1216 -34.101933494518 -30.572054519744
1217 -31.9334937392339 32.4788199784366
1218 -36.2181496685475 25.8851878004156
1219 -39.950732130473 -15.6243984033051
1220 -41.4965222729901 -21.3560368249045
1221 -34.7862889906582 24.9531121105806
1222 -8.04952949081044 32.0528232805717
1223 -37.0724287601594 -29.6676673985957
1224 -23.4595389907789 29.8813241999772
1225 -40.3284813631642 -27.9832377773809
1226 -18.8358995243484 -33.7395695075548
1227 -28.3471133478086 27.5505890100249
1228 -22.3344430281896 -25.5218391335024
1229 -37.7086425830167 -23.9843401956413
1230 -40.0818617224204 -24.1106183000466
1231 -39.1311467373989 -28.7577710886288
1232 -23.3204620821031 19.6311670856284
1233 -35.1050847245279 -17.4389913329504
1234 -36.4228756497247 32.127497144937
1235 -30.4480297061691 14.0580606487019
1236 -31.6140781602129 30.0575102626471
1237 -39.5289088238835 -22.5459482191176
1238 -22.2329253828731 24.6251888256618
1239 -24.3712794717721 12.2811877251139
1240 -11.3118670125785 -13.4645761558082
1241 -17.3318245964632 14.7925527030453
1242 43.3998103561666 26.5966626643489
1243 -6.5397506335266 14.1342450673346
1244 -16.7406062965808 -6.05954264442004
1245 -5.46766938735732 5.29359633836534
1246 -10.4219891471224 -37.7786050222671
1247 -5.29197606150375 -41.9922110182171
1248 -20.4678607777168 -12.2473018155255
1249 67.1007135793123 -0.00593425081635173
1250 -29.3266709737841 -27.7080777836467
1251 -10.0803629209299 -36.5975156841269
1252 4.17162789600691 -17.2870277994099
1253 -7.23493879254277 -2.77636982500833
1254 -7.52057813350575 17.2151788466734
1255 -18.5769154271218 -20.359945541151
1256 -13.7553944486196 18.4089286100302
1257 -14.06216552267 17.3582318753512
1258 -3.50222118280927 -26.7268840460314
1259 -6.40589096284818 -2.15115029202862
1260 -16.9456127207784 6.52175022540811
1261 66.0954300773165 1.39032347318803
1262 -7.14604908156507 -31.7155383742197
1263 18.5224572636007 -34.2650235404726
1264 -3.67882994727026 -38.5284245829414
1265 -25.0293076030055 -22.4239323569416
1266 -14.9033393738442 19.1511645120264
1267 -16.0529376530093 -7.64800057455566
1268 -9.42218761461421 22.7439028098861
1269 -12.1417975543297 11.6382938892591
1270 -8.82102158987032 -3.15735738958834
1271 26.8346480323027 -38.3408249166518
1272 -3.00581756280898 0.710882128236839
1273 -9.18078910525795 -2.68936863753489
1274 -11.6327477350754 10.5229157256258
1275 44.1953767737194 20.0192383724644
1276 -20.5650990359296 -29.0000162923722
1277 -4.64263015881395 -1.47620311335851
1278 8.0450195100679 30.8260716400797
1279 -6.80971700131785 17.0643281000482
1280 -14.9361511077061 0.668133144990895
1281 -7.16509285153877 -39.1692517714757
1282 -16.0575130552999 15.2755432471928
1283 43.5745975708641 27.6278815415092
1284 43.7823971206216 25.4372195055447
1285 -12.5473002214607 -11.5835078078203
1286 4.55886741131916 -42.6748478131269
1287 8.66563209190739 16.9891244415888
1288 -4.52656741706472 2.75978279063957
1289 -7.72443286725076 -13.8250435056166
1290 -9.20429941535083 -38.1686414453453
1291 -6.27779955744778 26.8336873889049
1292 -10.8937548312346 1.80461551929837
1293 -6.25566662991463 -2.69472423407111
1294 -3.36471325952103 9.46830956033373
1295 -8.80916313996827 -14.6387987146565
1296 -13.2957681543466 -7.55972837190241
1297 -7.44077921850256 -21.5628584088913
1298 -17.3699329746444 23.8469453989359
1299 3.79249781248144 -20.8930909815277
1300 -10.6908280601625 -41.4458267388137
1301 -23.7047547760582 -32.7503347161067
1302 2.12133070637778 -10.9273616920991
1303 -10.6702199379984 -14.5177028676725
1304 67.1642480310937 0.0240540950493907
1305 46.4426099323263 19.087866940339
1306 37.530062070215 14.5989967560161
1307 -27.4867702495137 17.1912760304567
1308 -26.5345847040265 -27.7801381971084
1309 -23.2216983179107 13.5782642207058
1310 -36.8100193569641 20.0314297289311
1311 -25.6024202240328 19.7058486373587
1312 -23.0031395854511 20.8107908252141
1313 -30.1342339530514 28.3096280411705
1314 -23.2875371405916 -37.3906950127273
1315 -27.8532040179642 28.594647565949
1316 -30.8334545323895 33.8825573850114
1317 -22.5308677072315 -11.709386781069
1318 -9.15008255037192 2.47657155960184
1319 -18.3126006914941 17.2175184486926
1320 -30.5288034859743 24.169659203402
1321 -7.40209183395611 -30.7024595710078
1322 -20.346118374012 7.79547652362083
1323 8.39052405975408 16.5765111165395
1324 -30.5333289787332 29.4585421615763
1325 -13.3369811809538 26.8938325748397
1326 -22.3512959958157 -30.2399946107476
1327 -36.0980251149301 -19.7552521511686
1328 -31.1619415880012 14.0599001105048
1329 -29.9876685863267 25.8950311518414
1330 -33.1431162455836 -25.7762847370241
1331 -8.43809138342213 2.6699700909757
1332 -29.5003538830055 -28.6828375926855
1333 -17.2751760434918 10.0736651144638
1334 -26.246833783611 -31.6491817897793
1335 38.0440566653733 13.644077774074
1336 -29.8882991635783 -31.5142093186954
1337 -36.478773776049 -25.0551293978558
1338 -9.56454385796148 29.0983621148768
1339 38.689790222512 14.7163940655154
1340 -11.0974669610764 4.25198508731775
1341 -22.07293215311 25.0299652245304
1342 -27.4645758902742 20.45317150348
1343 -21.9705124906829 13.7221020819946
1344 -19.8337817075877 18.0753036624324
1345 39.2502060811967 15.140399188695
1346 -32.8507548979286 29.6459593853271
1347 -30.3113401221443 21.7728509137165
1348 -30.2579595649246 16.1295598574383
1349 -36.9472822963685 -29.3592849171419
1350 -26.4775011684094 -32.5870638140005
1351 -11.8398251034963 8.37117933489591
1352 -25.4919804118912 14.5841118928721
1353 -19.8632356614437 14.2530589293284
1354 -31.57151042692 -31.7254663755234
1355 -37.2184106380169 -31.7954508846824
1356 -26.8730676176582 28.1075506237604
1357 -23.1474028502927 1.73704071294016
1358 -18.5835361334597 12.4272095906372
1359 -21.819549657155 -25.9456772617808
1360 -24.8813431880876 18.7760500821137
1361 -20.8292638219943 20.0585886603132
1362 -21.7160335899179 20.3842471105261
1363 -31.1069228571351 19.6169856504666
1364 -9.02961976265808 -42.9616725220929
1365 -11.4764312368911 0.605478398721902
1366 -19.6821808620458 -20.4877824694509
1367 -19.5288878510589 17.5186696005032
1368 -14.4814437856988 -21.767177986242
1369 -19.7878962553634 15.1649599260569
1370 -29.9040088910608 13.7140676870215
1371 -29.9381947225739 15.2539741315424
1372 -29.9746741634484 20.7268921892949
1373 -10.614820672434 4.42363119528488
1374 -6.94893468068416 -3.92773792915745
1375 -32.6751619493899 31.8260973098284
1376 -18.0004079947572 12.0199012454435
1377 -23.6119873635535 28.5274793641568
1378 -24.4489649497593 -33.9448979497448
1379 -33.5101615223653 -28.1067098282214
1380 -18.521609347161 30.6909165515593
1381 -9.47085817805548 5.30601262045816
1382 -22.578731870621 22.4235171045489
1383 -20.3918520784026 20.7205834680404
1384 48.3007051475133 19.1852128608972
1385 -24.9978957543327 -34.0340859219239
1386 1.93428453957807 -17.1747418634207
1387 -15.1349772371051 9.85426971170721
1388 -9.91461136172981 18.1128202134513
1389 -19.3155372412736 -20.8751405239022
1390 6.59344411955394 68.0844583433148
1391 -6.29035865603952 20.4155195967392
1392 -4.68163505995331 2.63947458146417
1393 -4.72686045011711 1.6231415459187
1394 -0.816968396472069 -12.3149973035387
1395 42.4883069519602 30.4630506381011
1396 -34.9015801052623 -19.6745492601952
1397 67.6321092757871 1.46183094207939
1398 -3.79488028217912 -0.552190442594271
1399 -16.297757214522 -15.8793201670059
1400 -19.3552915318759 0.671388101316131
1401 -13.1974413397449 -7.16857959622067
1402 -37.5741212132154 -30.4676285577885
1403 -27.4697545233635 -29.9800376904962
1404 47.7516591969069 19.7668654722819
1405 -40.0582997675184 -29.9247451450421
1406 -33.134823611784 -15.2390852847619
1407 -24.076848949537 20.8208880541265
1408 -10.0150976508042 17.3433549092192
1409 8.77619151942296 -38.7281674635596
1410 42.3612119216485 21.9832560384532
1411 -3.19453000917444 -21.7386367898792
1412 40.9821949868083 31.6874964534749
1413 -16.2492090824347 -18.7478184164423
1414 14.1125715287624 75.8648005397528
1415 7.47298599348289 24.0993193275051
1416 47.832836024962 -39.6881881774944
1417 4.88732137811681 -21.813028460649
1418 -10.6156075962774 -10.9381697027
1419 -29.3396411431983 -15.7651133760118
1420 -26.7445357744839 -26.5252358766756
1421 39.4527562968077 15.0354439545024
1422 -24.7547336330741 8.10458542690981
1423 -11.5769577662276 -16.5349067727171
1424 -8.34005224837728 -37.6625121488793
1425 1.2569105462464 -26.7075743489667
1426 -21.0776393398736 0.415403182173511
1427 -7.40946656580487 28.4640957619824
1428 -8.2428733733087 31.8891673802226
1429 -3.04393465561958 -2.28782829786408
1430 42.1841875081966 28.4301980693743
1431 -26.7440123310791 -26.6991272053437
1432 -4.11897009104411 -1.27845459947374
1433 -5.85034126274377 18.5514313022382
1434 -17.1769431895156 -14.4023376477788
1435 -25.896882917864 -19.7577772261429
1436 -10.1459547916437 13.3931960096915
1437 3.56397861025994 -20.1594660273397
1438 -36.0676461314664 34.1119547731752
1439 -5.36436105387648 13.1075976991979
1440 -7.8423892117929 16.2982550167459
1441 -22.4495135789806 -26.7560809008105
1442 -12.74210008716 11.9889368627064
1443 -2.59019044083376 0.916141763276742
1444 -30.2249289510653 -28.5329969750338
1445 8.20394072950491 24.2257655583147
1446 -14.4249679195236 11.5957794662894
1447 -17.3103358268984 5.82021086230746
1448 21.7900916811686 -40.8169157533086
1449 -11.0396897861432 24.892993926444
1450 -19.6486365667877 9.76398076530447
1451 -18.4808635289531 1.87129456692223
1452 -37.270268408846 -27.495584564924
1453 -25.2626503805785 7.85997347485914
1454 40.1796926487692 16.273297033759
1455 -17.2978520671349 -6.46233985552317
1456 12.298860019323 77.4191227343662
1457 -8.66053165244095 27.9080365003502
1458 62.7808381921269 4.39744287354364
1459 -9.43747008746016 -41.4317410850572
1460 -14.2561449867016 13.4667647659581
1461 -34.191640203973 -19.6407653113168
1462 21.4331429809955 79.5077658693604
1463 -29.2511315105904 -17.4815342148976
1464 -5.72509049408007 -4.70768395326615
1465 39.2796498852517 16.7781326263868
1466 -16.7480070302744 25.7817084523126
1467 -18.8749953412051 9.65076250741023
1468 -21.6945177627153 -11.5124092510304
1469 -28.2636295175103 -30.5917289225529
1470 48.4595772648904 -39.3216930779911
1471 -16.7231530354781 6.76242400557246
1472 -6.73480969213168 30.7243811987054
1473 53.1548453611568 15.7856230868182
1474 22.4570971415935 82.8149334439549
1475 20.4599230492679 80.003255730236
1476 -7.65003535089557 29.5356537646182
1477 -15.9100417058964 -5.47096305981365
1478 -22.3415895395538 9.62542240386042
1479 -14.6606000286701 12.0298036382386
1480 -29.587403346069 32.7388525967497
1481 17.7372922068214 -34.3835570062796
1482 47.0114822888959 19.0933928150517
1483 20.5706620431283 79.6575317599654
1484 10.2758138330908 73.1024032527124
1485 -8.10986809711535 30.9885634520145
1486 -5.11222887872896 -41.7348334619895
1487 -32.7760542270984 18.1024642220571
1488 -24.1017414938096 3.75566201439693
1489 -14.8249357943084 32.8448262122929
1490 -21.924923149731 5.78577304024451
1491 -1.06463186439008 -25.3088435951903
1492 30.5975002578405 -39.0288117694488
1493 -8.45433213514102 30.1987078826448
1494 -8.36233947422659 17.4620396762005
1495 -11.0274791765064 21.6429679509538
1496 -21.5072300120088 -27.6212680753731
1497 5.08426809779726 66.509434425777
1498 -11.8744839656798 11.162787663357
1499 -0.656806239305686 -24.848777036364
1500 17.7564265071117 76.3290029305439
1501 23.0228212594103 82.834260196034
1502 9.24999337649695 71.4647547446053
1503 19.6130943905061 78.7062118053241
1504 21.7002642187706 80.277904025749
1505 22.8135286630303 81.3526865921107
1506 20.3151584637868 78.7111642216764
1507 23.0125733424109 81.5530274113669
1508 5.06578120903032 65.9654006697993
1509 23.4744544249727 83.9408664114431
1510 21.0826124804631 80.7114693372842
1511 12.5638602971411 72.5269526158641
1512 6.31725591092287 71.6213029684267
1513 22.0154947379969 82.5544780127486
1514 15.0283155263922 79.6835658494371
1515 13.8891966937836 72.7301765309013
1516 8.11599331628576 69.7991459716264
1517 8.89224786796991 71.6569749485893
1518 22.6082751562479 84.0190363941536
1519 6.25708959558999 67.3391068818939
1520 18.8990360320124 80.238413027355
1521 21.8677744931494 81.9709489721314
1522 20.4788652580488 81.2097641034409
