V1 V2
1 16.7567616725714 -3.7194578467979
2 6.33607183687836 -18.0969950978844
3 -8.97840543436405 -6.20025989480555
4 5.30975843465597 -16.7595221447374
5 23.5049744614326 -6.90319895147806
6 6.99520784905603 -14.7502183419598
7 2.69579151914225 -11.5840020818871
8 15.9314642194077 -0.0971604425855113
9 4.77413723452896 -20.1492870524529
10 18.14577511418 0.317287760176303
11 4.5266069667569 -11.9986150255736
12 10.1391762544779 -19.3880358332424
13 21.0781306164007 -4.80720094363283
14 4.2791711262932 30.9405666567989
15 20.9891256761485 -4.97259886279368
16 16.7537411918933 -3.38176601974723
17 1.97654712940058 34.0232542267672
18 22.9745946632471 -7.6396083075433
19 19.8404501934517 -4.09366485077374
20 -29.8907789873168 1.99199366191005
21 22.3143179784414 -6.49027357961678
22 4.24176038310476 -16.0586819824432
23 19.2370845295634 -7.07163096044596
24 0.842313874447627 34.328671047679
25 -8.49025498128132 -11.9611150364994
26 -5.53444413992802 -9.31650305376367
27 4.56593544938002 -14.8831510845049
28 8.05480454770358 -13.507382134143
29 5.80812027122925 -13.3916478302427
30 8.60258998286176 -14.6456469172096
31 3.04073053529518 -13.0056462573043
32 8.40523514754945 -13.1159407724209
33 18.6882914211124 -7.80361503878567
34 4.41514415899641 -17.2453258337144
35 18.1318087690238 -3.61735733838657
36 19.6004547456059 -10.358496001417
37 -26.3351982774759 0.674858550029949
38 17.0893901505759 -5.3204310462429
39 15.1630496573459 -3.79896066251524
40 6.77269504214853 -12.2854865805664
41 -27.8771213043993 2.64512239507755
42 -27.2097508259325 2.46045415555813
43 5.58941313351822 -11.3621574802539
44 22.1220623098924 -3.33519526509807
45 6.75283801220037 36.7783363136024
46 7.10774753087842 29.4496880547468
47 -30.4046690647599 3.18955871638541
48 -28.9213500545576 2.83375677857472
49 6.81492711312525 -20.0328272550838
50 3.76483163907246 28.5578592014819
51 2.209295054128 -16.01981395283
52 14.4204546802291 -12.7421599505261
53 18.9253982026577 -10.9152636705927
54 1.80517914651811 -13.7644977042934
55 1.23447849023134 28.7215018185799
56 -7.46860522366237 -10.8005160252236
57 0.29446528634154 31.8377106973045
58 17.075485669317 -7.6432509318726
59 5.39990050753886 31.5347471529592
60 -27.2589490583035 4.42015892862399
61 -30.2872950289726 1.2123982388297
62 10.2540806856871 -15.3260290550683
63 13.3200390833614 -13.5867393417088
64 14.7961722996187 -12.4065284652776
65 19.4967645170616 -7.58313858536369
66 18.4380706780288 -6.13409355834091
67 -5.39394350913893 -11.5998397785742
68 17.8577304527451 -7.68626957968993
69 -1.42584164922087 31.1964313418892
70 18.3390207198047 -9.95893735467962
71 16.9778039574974 -2.64507888111496
72 17.5765977401867 -7.10464682508083
73 20.4852992336673 -1.53181972567382
74 -13.0557551991706 -6.83781017078333
75 1.00566806289803 30.846031400615
76 6.53472974466949 35.1092585918257
77 5.85150634679915 -19.2778375487696
78 17.5270625610426 -10.1067689540577
79 6.87785176695636 -13.2638071881703
80 20.6859283817949 -7.86324154829668
81 16.0824907923297 -10.3000344262715
82 -1.44269318093474 28.2328365351296
83 19.7187806493534 0.19293371067427
84 19.054879109683 -0.451194270690307
85 3.60335630210162 -17.5342763509624
86 2.25638605891687 33.596893153492
87 -13.3659066688195 -5.28432882036491
88 4.22111540953333 32.8154812908547
89 5.58124741664037 -14.2363313066074
90 1.77699650091219 30.1637043340173
91 0.545501720505686 -13.6025687667656
92 -11.1956232549987 -5.54801625379437
93 15.3604276329268 -3.28087960285988
94 8.33176025975359 -17.5444207427774
95 6.77100508618537 34.9797437657149
96 6.99224081859859 -13.4408598084715
97 8.92299133544288 -19.457746921234
98 -0.94314056858413 30.9323399366153
99 15.9733445318304 -0.805070757806621
100 -1.10416029408316 28.3725552264506
101 7.50208211685843 29.168271739297
102 4.1283144137202 29.242689367848
103 -10.7004389033036 -8.79429908421072
104 4.15776872834369 36.9983187877894
105 -31.1341029189427 3.17664016339689
106 2.87702470398654 30.9924456569226
107 16.1800552410887 -7.51054633854313
108 4.57501414198823 -16.5614143831766
109 -10.7053052093265 -11.4730987959284
110 -29.9885706798662 0.201295495864438
111 -10.373789182024 -13.1425719632624
112 2.91871440318179 -15.7655322063689
113 14.7461047775215 -5.157355619364
114 14.1970348375506 -13.7127962070115
115 3.90534919482461 -17.1414028301728
116 -17.740071432529 -7.61098527703964
117 14.1699797703671 -2.20564439357956
118 11.0745644212949 -14.4114936868609
119 -17.4584841009727 -4.32225324905098
120 12.9072840589652 -14.0198815008547
121 0.5258781755249 28.8041605310445
122 9.93918344050248 -19.4033403400263
123 -9.91396522647787 -13.3485983844669
124 19.8020104212469 -9.45350184128916
125 8.87142746650225 -15.989679841296
126 2.64898894561398 31.7043050929767
127 5.1838842651411 35.8668563857775
128 2.53533977514941 -15.6510755246689
129 0.580971957173808 30.7513671631731
130 9.75879173446875 -15.7230475351293
131 16.9454000596796 -10.649164832095
132 14.0644796461636 -2.34278759217785
133 20.6263491668076 -8.43262152405661
134 10.8095037054123 -14.6944155856893
135 -8.64437487583393 -12.5414158295523
136 5.33791392333104 35.817760374797
137 1.78306364384855 32.1943873246282
138 8.58175382224641 -13.8725649980604
139 5.2917810945493 31.9807802675278
140 -26.5708117831427 2.50017141718266
141 -29.4559803753485 2.65542893141891
142 -31.4267557445251 3.8538171693536
143 -1.30360040096282 31.1993331539672
144 7.62458113376625 -13.0988230182946
145 -9.96629975438896 -4.85772348249338
146 -8.91296287189695 -12.4170075246394
147 7.5259657452858 -12.2962445011259
148 7.69006527956908 -20.2661446069034
149 -29.6566454049842 5.20024755632652
150 2.23019205576886 32.4806132674556
151 21.7926803265353 -1.68339559823582
152 -29.434394137371 -0.0919386502776726
153 -10.6775522766148 -11.1923158127758
154 -9.66368845249593 -11.2956756763195
155 -11.442190507588 -12.3970377657546
156 3.78336086112365 35.3892185104641
157 -8.30931196774169 -10.1305516194461
158 0.329400838506186 -13.9544649149659
159 1.43213725109089 -12.4614461147002
160 2.39650634723872 -12.8165375968552
161 2.18898924345085 33.03456396262
162 4.67820414879246 34.734722377222
163 -13.288348379468 -7.39146403532372
164 -5.75287006369687 -11.0011299073073
165 18.4520385399168 -4.55347918089996
166 -1.92280951318723 31.9762401702065
167 -31.94972849581 5.08389787118919
168 -28.0676405939069 0.637461924266869
169 21.6286949923703 -4.88847377151713
170 15.5413183939148 -6.82306575452943
171 -14.4323923558695 -9.84022872826425
172 0.58148884274545 32.2505914379965
173 22.7833612555968 -8.73159804687795
174 3.41405211419147 34.7362906179053
175 4.72570427224142 -14.6091572322769
176 -12.1517671471049 -7.29623068951769
177 3.79956728312418 31.6027630297821
178 14.6773131454091 -5.644097625879
179 18.0523427069809 -4.49846672274541
180 -16.1053823153347 -9.39798688017117
181 15.6549595606388 -6.14813403153431
182 20.0230432184532 -5.01924512929276
183 7.97818287393421 -19.8979558857279
184 8.50002574806852 -19.3374686822195
185 13.8185566099409 -5.15699520647059
186 -16.7595238619269 -8.27128103513338
187 13.523099755101 -6.72032709600778
188 -0.761732766040237 29.7279522341237
189 -5.6815193266658 -10.4664261262435
190 -11.6686186809864 -6.49842429117863
191 5.79987990853894 -18.8385747274932
192 4.14961048426948 37.021312448794
193 1.82913255267826 -12.3144457472753
194 -15.0604050311061 -11.7678658596752
195 19.1031684019651 -6.14692700383671
196 6.21780700390746 32.00544186101
197 8.36298768957971 -19.971767092938
198 1.53497815576074 -16.6259174190983
199 -13.9752056185114 -11.3063594218586
200 0.455728374126504 -13.2738792081868
201 1.8327498675149 -12.9505175899287
202 -28.6877962084354 1.63676841140169
203 7.44215620431202 -18.2230548634997
204 -31.6156420309085 0.0884207775618619
205 -11.5778282612855 -11.607111870356
206 13.977577159214 -5.72692559462123
207 -2.158130192731 -15.594008877526
208 -13.4089599725497 -10.0275971827678
209 1.62761565069771 28.5662766073305
210 -31.1520645766167 4.91097796995921
211 -1.77590223408284 -15.2328117809417
212 18.7248370284918 -8.90313746871954
213 -17.2977408035218 -11.2797341189831
214 19.757938457622 -8.68075390560278
215 -15.7738368965828 -11.1598955199504
216 -11.1424155957816 -10.7444824606679
217 -0.514525109413999 30.133786509671
218 5.73783175657363 37.4447323396967
219 -29.4026559583807 1.89787857002614
220 22.3180080364468 -1.06523953560149
221 -29.871563430504 1.05090846559603
222 -28.1016631896622 1.72214977245518
223 1.80635544484912 34.9877436108697
224 -1.97623234752446 -15.4549811283078
225 -16.6504350891397 -9.04294069027894
226 19.1916464680184 -9.26091903169632
227 -9.86750702050326 -8.4532036530044
228 5.69053984210812 38.5102832386477
229 2.99410972388698 29.4433692043208
230 -10.9768194476128 -7.00840815667296
231 4.09143741823143 33.8591319880521
232 -10.4176176323927 -14.2237839794226
233 16.0356025534384 -8.65578200578842
234 21.2073887259736 -9.85358944459196
235 6.05154931186137 37.0380369242392
236 6.28768668719049 -19.7370854454796
237 -8.09990269703075 -7.73575088038296
238 -12.1577645463726 -8.93282482154233
239 -18.4682133103861 -6.85034092404534
240 1.02916831301649 -11.8834477866955
241 -10.1996771822694 -6.57108799716001
242 -11.2695369761603 -12.2078887213781
243 -29.5836754233687 2.91914256206008
244 -11.902568962218 -3.77918634693288
245 22.1100002519377 -2.94124677577733
246 18.3342691239057 -1.70137840337551
247 5.72241792610429 35.0951903630441
248 -0.990734672590941 28.4419692360541
249 -14.0397418990349 -7.14029028444714
250 -13.0382041544144 -9.31052867705659
251 5.43417903168675 -17.5394719254035
252 -12.8509982364887 -11.9476396438704
253 -12.37425540108 -5.94179196600017
254 -30.6282923757513 1.64731221455601
255 -17.0083801459536 -6.03272904865176
256 -12.3068457259327 -12.8897111354971
257 6.54401774915819 -16.7189003671807
258 -18.6934488528293 -6.43275727147572
259 -17.8346208726285 -7.25235514489183
260 -27.6009992902769 -0.750316462314669
261 -28.807647898066 2.32644140012171
262 -29.4744907897285 3.23542205122142
263 3.31198371280429 35.5938824065803
264 5.69980910135353 -18.6344947636902
265 -11.6395787166019 -8.81925501726549
266 3.43358676774002 31.2859910272563
267 2.10858273920725 28.0648102106428
268 -14.8353758175817 -7.31285080919157
269 3.21501846522493 33.0048036967235
270 19.1255425833746 -3.54016639552978
271 13.692031254207 -4.92360394730753
272 9.1472834692716 -20.1257357467494
273 -11.5607482528174 -7.58831912905099
274 -13.5262957069031 -6.15861347462281
275 -30.0316520118428 3.57367025841145
276 -10.1646908438972 -8.79758527837114
277 -10.6662961956534 -8.08938019753082
278 -16.1572623218122 -11.0377819724169
279 -8.41253828966894 -9.23432536998213
280 -14.6226220797591 -8.39381846802443
281 -30.1443551072662 4.64099177816329
282 2.8459382360824 28.889724608895
283 17.2289993380994 -5.90770680614665
284 13.7702914284444 -3.52596121488204
285 16.2853685392566 -5.31178943358463
286 20.5036184670676 -1.32594430846996
287 -15.5448091461977 -8.35114752855519
288 -25.4053587627873 0.286062392558458
289 -29.933685457844 0.896125441599611
290 15.7161884497416 -4.52768584765755
291 -14.6370871551226 -4.32777759229742
292 20.5808671730228 -6.84422467866241
293 2.23661312863205 34.7033740986749
294 19.4977761082028 -4.70452408495008
295 3.29703199307373 32.2964745658404
296 1.08715639278486 -16.0223661357294
297 -10.9124766732907 -10.5194613606934
298 -15.3699013416428 -6.61414284368326
299 -32.7042817301818 2.9982189948598
300 -16.0862194911414 -10.2531097417294
301 -12.9975534679754 -6.50771295568065
302 -18.0382768645264 -5.19254493254031
303 5.95439894599452 -15.6425234226205
304 -15.7844040048686 -5.08133774715878
305 4.61823849498148 35.3214208718621
306 16.0778953227133 -2.60956046512332
307 13.1980451150354 -4.82534952575823
308 4.41733180825064 -18.6459149321748
309 1.66871648282214 32.6992869279377
310 22.4314518265097 -5.67592235147657
311 5.61228335967426 38.0212872231587
312 -14.5352661686638 -6.20496557695088
313 -15.3453699917106 -7.43526236615734
314 -30.6969883802795 5.84657885170022
315 -12.0503398844818 -10.3851033533148
316 -9.98416227213826 -7.66421687390481
317 14.7149868707985 -7.37440724080268
318 15.9079137006179 -4.66060981141611
319 20.3381538897438 -0.492560993430855
320 4.54034317167923 36.6632505200859
321 17.050931666029 -1.82270427990777
322 5.75317027550298 32.9865411086062
323 3.13840711200934 35.1726193115441
324 -8.85731460019286 -10.7798542917993
325 -9.23435855240732 -8.09023261357151
326 5.66811618635841 -13.2072214606271
327 -32.0875691780875 1.55193699974442
328 -29.5407358957354 4.45885168185861
329 -10.6038491527878 -7.89047628633332
330 -26.8797264159622 0.842226126584953
331 6.1515411360868 36.5754549775645
332 20.7372403551321 -3.38809429706906
